7 -> (-1, -1)
33 -> (-1, -1)
12 -> (-1, -1)
33 -> (-1, -1)
0 -> (4, 0)
25 -> (-1, -1)
7 -> (-1, -1)
33 -> (-1, -1)
0 -> (17, 0)
34 -> (-1, -1)
33 -> (-1, -1)
7 -> (-1, -1)
33 -> (-1, -1)
0 -> (18, 0)
34 -> (-1, -1)
33 -> (-1, -1)
7 -> (-1, -1)
33 -> (-1, -1)
0 -> (19, 0)
26 -> (-1, -1)
33 -> (-1, -1)
29 -> (-1, -1)
36 -> (-1, -1)
6 -> (-1, -1)
33 -> (-1, -1)
25 -> (-1, -1)
0 -> (17, 0)
33 -> (-1, -1)
21 -> (-1, -1)
33 -> (-1, -1)
0 -> (18, 0)
33 -> (-1, -1)
0 -> (7, 0)
33 -> (-1, -1)
0 -> (17, 0)
33 -> (-1, -1)
21 -> (-1, -1)
33 -> (-1, -1)
0 -> (19, 0)
26 -> (-1, -1)
36 -> (-1, -1)
36 -> (-1, -1)
13 -> (-1, -1)
33 -> (-1, -1)
0 -> (17, 0)
32 -> (-1, -1)
36 -> (-1, -1)
5 -> (-1, -1)
33 -> (-1, -1)
6 -> (-1, -1)
33 -> (-1, -1)
25 -> (-1, -1)
0 -> (18, 0)
33 -> (-1, -1)
21 -> (-1, -1)
33 -> (-1, -1)
0 -> (17, 0)
33 -> (-1, -1)
0 -> (7, 0)
33 -> (-1, -1)
0 -> (18, 0)
33 -> (-1, -1)
21 -> (-1, -1)
33 -> (-1, -1)
0 -> (19, 0)
26 -> (-1, -1)
36 -> (-1, -1)
36 -> (-1, -1)
13 -> (-1, -1)
33 -> (-1, -1)
0 -> (18, 0)
32 -> (-1, -1)
36 -> (-1, -1)
5 -> (-1, -1)
36 -> (-1, -1)
36 -> (-1, -1)
13 -> (-1, -1)
33 -> (-1, -1)
0 -> (19, 0)
32 -> (-1, -1)
30 -> (-1, -1)
7 -> (-1, -1)
33 -> (-1, -1)
12 -> (-1, -1)
33 -> (-1, -1)
0 -> (1, 0)
25 -> (-1, -1)
26 -> (-1, -1)
33 -> (-1, -1)
29 -> (-1, -1)
36 -> (-1, -1)
9 -> (-1, -1)
25 -> (-1, -1)
0 -> (17, 0)
34 -> (-1, -1)
33 -> (-1, -1)
0 -> (18, 0)
34 -> (-1, -1)
33 -> (-1, -1)
0 -> (19, 0)
26 -> (-1, -1)
32 -> (-1, -1)
36 -> (-1, -1)
13 -> (-1, -1)
33 -> (-1, -1)
0 -> (4, 0)
25 -> (-1, -1)
0 -> (17, 0)
34 -> (-1, -1)
33 -> (-1, -1)
0 -> (18, 0)
34 -> (-1, -1)
33 -> (-1, -1)
0 -> (19, 0)
26 -> (-1, -1)
32 -> (-1, -1)
30 -> (-1, -1)
