7 -> (-1, -1)
33 -> (-1, -1)
12 -> (-1, -1)
33 -> (-1, -1)
0 -> (1, 0)
25 -> (-1, -1)
26 -> (-1, -1)
33 -> (-1, -1)
29 -> (-1, -1)
36 -> (-1, -1)
7 -> (-1, -1)
33 -> (-1, -1)
0 -> (10, 0)
34 -> (-1, -1)
33 -> (-1, -1)
0 -> (0, 0)
32 -> (-1, -1)
36 -> (-1, -1)
0 -> (1, 1)
33 -> (-1, -1)
0 -> (1, 0)
32 -> (-1, -1)
36 -> (-1, -1)
8 -> (-1, -1)
25 -> (-1, -1)
0 -> (10, 0)
26 -> (-1, -1)
32 -> (-1, -1)
36 -> (-1, -1)
0 -> (18, 0)
25 -> (-1, -1)
0 -> (10, 0)
26 -> (-1, -1)
29 -> (-1, -1)
36 -> (-1, -1)
36 -> (-1, -1)
8 -> (-1, -1)
25 -> (-1, -1)
0 -> (0, 0)
26 -> (-1, -1)
32 -> (-1, -1)
36 -> (-1, -1)
36 -> (-1, -1)
0 -> (1, 0)
33 -> (-1, -1)
14 -> (-1, -1)
22 -> (-1, -1)
33 -> (-1, -1)
0 -> (0, 0)
32 -> (-1, -1)
36 -> (-1, -1)
30 -> (-1, -1)
36 -> (-1, -1)
13 -> (-1, -1)
33 -> (-1, -1)
0 -> (1, 0)
32 -> (-1, -1)
30 -> (-1, -1)
7 -> (-1, -1)
33 -> (-1, -1)
12 -> (-1, -1)
33 -> (-1, -1)
0 -> (1, 2)
33 -> (-1, -1)
25 -> (-1, -1)
26 -> (-1, -1)
33 -> (-1, -1)
29 -> (-1, -1)
36 -> (-1, -1)
0 -> (1, 0)
25 -> (-1, -1)
26 -> (-1, -1)
32 -> (-1, -1)
30 -> (-1, -1)
